const PUZZLES = [
  {id: "01", "title": "横刀立马", "puzzle": [
    [440, 220, 221, 540],
    [442, 222, 223, 542],
    [640, 330, 331, 740],
    [642, 110, 110, 742],
    [110,   0,   0, 110]
  ]},
  {id: "02", "title": "指挥若定", "puzzle": [
    [440, 220, 221, 540],
    [442, 222, 223, 542],
    [110, 330, 331, 110],
    [640, 110, 110, 740],
    [642,   0,   0, 742]
  ]},
  {id: "03", "title": "将拥曹营", "puzzle": [
    [  0, 220, 221,   0],
    [440, 222, 223, 540],
    [442, 640, 740, 542],
    [110, 642, 742, 110],
    [330, 331, 110, 110]
  ]},
  {id: "04", "title": "齐头并进", "puzzle": [
    [440, 220, 221, 540],
    [442, 222, 223, 542],
    [110, 110, 110, 110],
    [640, 330, 331, 740],
    [642,   0,   0, 742]
  ]},
  {id: "05", "title": "兵分三路", "puzzle": [
    [110, 220, 221, 110],
    [440, 222, 223, 540],
    [442, 330, 331, 542],
    [640, 110, 110, 740],
    [642,   0,  0,  742]
  ]},
  {id: "06", "title": "雨声淅沥", "puzzle": [
    [440, 220, 221, 110],
    [442, 222, 223, 110],
    [640, 330, 331, 740],
    [642, 540,   0, 742],
    [110, 542,   0, 110]
  ]},
  {id: "07", "title": "左右部兵", "puzzle": [
    [110, 220, 221, 110],
    [110, 222, 223, 110],
    [440, 540, 640, 740],
    [442, 542, 642, 742],
    [  0, 330, 331,   0]
  ]},
  {id: "08", "title": "桃花园中", "puzzle": [
    [110, 220, 221, 110],
    [440, 222, 223, 740],
    [442, 540, 640, 742],
    [110, 542, 642, 110],
    [  0, 330, 331,   0]
  ]},
  {id: "09", "title": "一路进军", "puzzle": [
    [740, 220, 221, 110],
    [742, 222, 223, 110],
    [440, 540, 640, 110],
    [442, 542, 642, 110],
    [  0, 330, 331,   0]
  ]},
  {id: "10", "title": "一路顺风", "puzzle": [
    [440, 220, 221, 110],
    [442, 222, 223, 110],
    [640, 330, 331, 740],
    [642, 110, 540, 742],
    [  0, 110, 542,   0]
  ]},
  {id: "11", "title": "围而不歼", "puzzle": [
    [740, 220, 221, 110],
    [742, 222, 223, 110],
    [440, 330, 331, 110],
    [442, 540, 640, 110],
    [  0, 542, 642,   0]
  ]},
  {id: "12", "title": "捷足先登", "puzzle": [
    [110, 220, 221, 110],
    [110, 222, 223, 110],
    [  0, 330, 331,   0],
    [440, 540, 640, 740],
    [442, 542, 642, 742]
  ]},
  {id: "13", "title": "插翅难飞", "puzzle": [
    [540, 220, 221, 110],
    [542, 222, 223, 110],
    [430, 431, 110, 110],
    [640, 330, 331, 740],
    [642,   0,   0, 742]
  ]},
  {id: "14", "title": "守口如瓶", "puzzle": [
    [540, 220, 221, 640],
    [542, 222, 223, 642],
    [110, 740,   0, 110],
    [110, 742,   0, 110],
    [430, 431, 330, 331]
  ]},
  {id: "15", "title": "双将当路", "puzzle": [
    [540, 220, 221, 110],
    [542, 222, 223, 110],
    [640, 330, 331, 740],
    [642, 430, 431, 742],
    [110,   0,   0, 110]
  ]},
  {id: "16", "title": "横马当关", "puzzle": [
    [540, 220, 221, 640],
    [542, 222, 223, 642],
    [430, 431, 330, 331],
    [110, 740,   0, 110],
    [110, 742,   0, 110]
  ]},
  {id: "17", "title": "层层设防", "puzzle": [
    [640, 220, 221, 740],
    [642, 222, 223, 742],
    [110, 330, 331, 110],
    [110, 430, 431, 110],
    [  0, 530, 531,   0]
  ]},
  {id: "18", "title": "兵拦将阻", "puzzle": [
    [110, 220, 221, 740],
    [110, 222, 223, 742],
    [640, 330, 331, 110],
    [642, 430, 431, 110],
    [  0, 530, 531,   0]
  ]},
  {id: "19", "title": "阻塞要道", "puzzle": [
    [110, 220, 221, 110],
    [110, 222, 223, 110],
    [640, 740, 430, 431],
    [642, 742, 530, 531],
    [  0, 330, 331,   0]
  ]},
  {id: "20", "title": "瓮中之鳖", "puzzle": [
    [640, 220, 221, 740],
    [642, 222, 223, 742],
    [430, 431, 530, 531],
    [110, 330, 331, 110],
    [110,   0,   0, 110]
  ]},
  {id: "21", "title": "层峦叠嶂", "puzzle": [
    [640, 220, 221, 740],
    [642, 222, 223, 742],
    [110, 330, 331, 110],
    [430, 431, 530, 531],
    [110,   0,   0, 110]
  ]},
  {id: "22", "title": "水泄不通", "puzzle": [
    [740, 220, 221, 110],
    [742, 222, 223, 110],
    [430, 431, 330, 331],
    [530, 531, 630, 631],
    [110,   0,   0, 110]
  ]},
  {id: "23", "title": "四路进兵", "puzzle": [
    [110, 220, 221, 110],
    [110, 222, 223, 110],
    [740,   0, 330, 331],
    [742,   0, 430, 431],
    [630, 631, 530, 531]
  ]},
  {id: "24", "title": "入地无门", "puzzle": [
    [740, 220, 221, 110],
    [742, 222, 223, 110],
    [110, 330, 331, 110],
    [430, 431, 530, 531],
    [  0, 630, 631,   0]
  ]},
  {id: "25", "title": "勇闯五关", "puzzle": [
    [110, 220, 221, 110],
    [110, 222, 223, 110],
    [430, 431, 530, 531],
    [630, 631, 730, 731],
    [  0, 330, 331,   0]
  ]},
  {id: "26", "title": "前呼后拥", "puzzle": [
    [110, 110, 220, 221],
    [330, 331, 222, 223],
    [430, 431, 530, 531],
    [630, 631, 730, 731],
    [  0,   0, 110, 110]
  ]},
  {id: "27", "title": "四面楚歌", "puzzle": [
    [440, 110, 110, 540],
    [442, 220, 221, 542],
    [110, 222, 223, 740],
    [640, 330, 331, 742],
    [642,   0,   0, 110]
  ]},
  {id: "28", "title": "兵临曹营", "puzzle": [
    [110, 220, 221, 110],
    [110, 222, 223, 110],
    [640, 330, 331, 740],
    [642, 440, 540, 742],
    [  0, 442, 542,   0]
  ]},
  {id: "29", "title": "五将逼宫", "puzzle": [
    [430, 431, 530, 531],
    [640, 220, 221, 740],
    [642, 222, 223, 742],
    [110, 330, 331, 110],
    [110,   0,   0, 110]
  ]},
  {id: "30", "title": "前挡后阻", "puzzle": [
    [220, 221, 430, 431],
    [222, 223, 740, 110],
    [540, 640, 742, 110],
    [542, 642, 110, 110],
    [  0, 330, 331,   0]
  ]},
  {id: "31", "title": "近在咫尺", "puzzle": [
    [110, 540, 640, 740],
    [110, 542, 642, 742],
    [330, 331, 110, 110],
    [430, 431, 220, 221],
    [  0,   0, 222, 223]
  ]},
  {id: "32", "title": "小燕出巢", "puzzle": [
    [640, 220, 221, 740],
    [642, 222, 223, 742],
    [430, 431, 530, 531],
    [110, 330, 331, 110],
    [110,   0,   0, 110]
  ]},
  {id: "33", "title": "比翼横空", "puzzle": [
    [630, 631, 220, 221],
    [730, 731, 222, 223],
    [430, 431, 530, 531],
    [110,   0, 110, 340],
    [110,   0, 110, 342]
  ]},
  {id: "34", "title": "夹道藏兵", "puzzle": [
    [220, 221, 110, 340],
    [222, 223, 110, 342],
    [430, 431, 530, 531],
    [630, 631, 730, 731],
    [110,   0,   0, 110]
  ]},
  {id: "35", "title": "屯兵东路", "puzzle": [
    [220, 221, 440, 540],
    [222, 223, 442, 542],
    [330, 331, 110, 110],
    [640, 740, 110, 110],
    [642, 742,   0,   0]
  ]},
  {id: "36", "title": "五将连关", "puzzle": [
    [220, 221, 530, 531],
    [222, 223, 630, 631],
    [340, 440, 730, 731],
    [342, 442,   0,   0],
    [110, 110, 110, 110]
  ]},
  {id: "37", "title": "峰回路转", "puzzle": [
    [110, 110, 110, 540],
    [220, 221, 440, 542],
    [222, 223, 442, 640],
    [  0, 330, 331, 642],
    [  0, 110, 730, 731]
  ]},
  {id: "38", "title": "独辟蹊径", "puzzle": [
    [220, 221, 110,   0],
    [222, 223, 110, 110],
    [340, 110, 530, 531],
    [342, 440, 630, 631],
    [  0, 442, 730, 731]
  ]},
  {id: "39", "title": "寓巧于拙", "puzzle": [
    [220, 221, 110, 110],
    [222, 223, 530, 531],
    [  0, 330, 331, 110],
    [640, 430, 431, 740],
    [642,   0, 110, 742]
  ]},
  {id: "40", "title": "一夫当关", "puzzle": [
    [440, 540, 640, 740],
    [442, 542, 642, 742],
    [  0, 220, 221,   0],
    [110, 222, 223, 110],
    [330, 331, 110, 110]
  ]},
  {id: "41", "title": "暗渡陈仓", "puzzle": [
    [110, 110, 110, 740],
    [640, 220, 221, 742],
    [642, 222, 223, 110],
    [430, 431, 530, 531],
    [  0, 330, 331,   0]
  ]},
  {id: "42", "title": "走投无路", "puzzle": [
    [440, 220, 221, 540],
    [442, 222, 223, 542],
    [640, 340, 110, 740],
    [642, 342, 110, 742],
    [110,   0,   0, 110]
  ]},

]